-1.00240481 -1.00189364 -1.00074792 -1.00050032 -1.00117052  
-1.00144112 -1.00297081 -1.0006628 -1.00156355 -0.999187708  
-1.00321436 -1.00527298 -1.00281143 -1.00435436 -1.00208724  
-0.998492301 -1.00049567 -1.00015378 -0.999578953 -1.00109923  
-1.00200355 -1.00082827 -1.00126457 -1.0003947 -1.00195169  
-0.998289526 -1.00003803 -0.999665916 -0.99906528 -0.999762118  
-0.998724878 -0.999890387 -0.998383343 -0.998594582 -0.998985052  
-1.00183558 -1.00331914 -1.00202692 -1.00159264 -1.00082433  
-0.999610901 -1.00265157 -0.999584615 -1.00092506 -0.997041762  
-0.999906182 -1.00022638 -0.999134183 -0.998852372 -1.00053489  
-0.296666265 -0.993398011 -1.00280786 -0.994127631 -1.00576961  
-1.00214529 -1.00352371 -1.00142205 -1.00171411 -1.00095105  
-0.998595536 -1.00163031 -0.998468757 -0.999199629 -0.99735117  
-1.00065255 -1.00136995 -1.00016761 -1.00057805 -1.00043833  
-0.998655975 -1.00168085 -0.999052107 -0.998992205 -0.996960938  
-0.999172509 -1.00161064 -0.999470115 -0.999524415 -0.998018682  
-1.00103009 -1.0027554 -1.00050235 -1.00020492 -0.999101102  
-1.00089097 -1.00277638 -1.0010469 -1.00206351 -1.00005174  
-1.00201035 -1.00286186 -1.00135326 -1.0021621 -1.00148368  
-1.00033092 -1.0016135 -1.00052738 -1.00013471 -1.00045621  
-0.999300718 -0.999940276 -0.998702943 -0.998655081 -0.999521792  
-1.00066054 -1.0012846 -1.00014865 -1.00014853 -1.00043416  
-1.0028795 -1.00134683 -1.0018177 -1.00120473 -1.0038209  
-1.0028125 -1.00342178 -1.00107598 -1.0017333 -1.0005089  
-1.00125837 -1.00129354 -1.00086689 -1.00042367 -1.00196493  
-1.0005939 -1.00114131 -1.00028658 -0.999934196 -1.00091994  
-1.00006521 -1.00206721 -1.00012374 -1.00130749 -0.998678684  
-1.00116396 -1.00347233 -1.00189614 -1.00332177 -1.00257969  
-1.00067949 -1.00113332 -0.999459624 -0.999347925 -0.998450577  
-0.998338044 -1.00213397 -0.999274313 -0.999663711 -0.998045444  
-0.999356866 -1.00068533 -0.999263227 -0.99921298 -0.99946177  
-1.00152695 -1.00181198 -1.00076342 -1.00040841 -1.00028753  
-0.999774039 -1.0007478 -1.00064945 -1.00038004 -1.00084758  
-0.998957336 -1.00136459 -0.998583257 -0.999894738 -0.995715201  
-1.00047183 -1.00294328 -1.00132704 -1.00169802 -1.00147164  
-1.00098586 -1.00205898 -1.0011102 -1.00138283 -1.00194585  
-1.00010216 -1.00208545 -0.999650002 -1.00066471 -0.998345435  
-0.999181569 -0.999317825 -0.999109149 -0.998305321 -1.0004319  
-0.998380244 -0.999506712 -0.998827994 -0.998190105 -1.00052655  
-0.997558892 -1.00244582 -0.998506844 -0.999403834 -0.995286226  
-1.00044656 -1.00239241 -1.00029373 -1.0010792 -0.99938637  
-0.997489512 -1.00313389 -1.00082994 -1.00076699 -0.998968959  
-0.998814583 -0.999332964 -0.998595178 -0.998171806 -0.999451935  
-1.00088668 -0.999286473 -1.00048733 -0.999762595 -1.00272739  
-0.995894372 -1.00246584 -0.997938812 -0.999251187 -0.996041477  
-0.996311188 -1.0029788 -1.0017519 -1.00135338 -1.00193024  
-1.00156677 -1.00155616 -1.00086045 -1.00042069 -1.00120699  
-1.0019815 -1.00409961 -1.00130796 -1.00135005 -0.999519765  
-1.00039041 -1.00024199 -0.999496102 -0.99943316 -1.00104952  
-1.00011504 -1.00104773 -0.999223232 -0.999712348 -0.99961406  
-1.00109756 -1.00229001 -1.00059628 -1.00136983 -1.00027251  
-1.00171649 -1.00036585 -1.00084281 -1.00026667 -1.00276208  
-0.998443723 -1.00201285 -1.00015259 -1.00064301 -0.998189449  
-1.00306726 -1.00062013 -1.00154686 -1.00080466 -1.0037334  
-1.00254405 -1.0016315 -1.00253081 -1.00163901 -1.00314081  
-0.998042583 -1.0021354 -0.999204814 -0.999867976 -0.997262776  
-0.999080002 -1.00226867 -1.00058806 -1.00063026 -0.999084473  
-0.998728156 -1.00134695 -1.00137806 -1.00086236 -1.00245798  
-0.37620753 -0.994716346 -0.997502029 -0.991627336 -0.993870854  
-1.00640535 -1.00521588 -1.00333738 -1.00388873 -1.00370574  
-1.00103295 -1.0032078 -1.00178492 -1.00151515 -1.00099492  
-0.999829292 -1.00268853 -0.999918163 -1.00016785 -0.998565555  
-1.00137603 -1.00052834 -1.00016713 -0.99988246 -1.00172389  
-0.999536872 -1.00355911 -1.00047171 -1.00105643 -0.997173965  
-0.999998987 -1.00013304 -0.99867779 -0.998614669 -0.999570429  
-1.00095332 -1.00264907 -1.00022268 -1.00111639 -1.00001836  
-0.998765349 -1.00310278 -1.00090337 -1.00040865 -1.0006144  
-0.992952168 -1.00379956 -1.00004995 -1.00090206 -0.995860398  
-1.0004313 -1.00206709 -0.999764025 -1.00092888 -0.998341382  
-1.00042605 -1.00030124 -0.999269068 -0.999091744 -1.00041366  
-0.999233067 -1.00273311 -1.00104094 -1.00092685 -1.00068319  
-1.00142789 -1.00376546 -1.00038242 -1.00138807 -0.998698235  
-1.00342083 -1.00271726 -1.00269008 -1.00290501 -1.00405061  
-0.999258816 -1.00260794 -0.999378383 -1.00076222 -0.996670961  
-1.00173151 -1.00151789 -1.00064218 -1.00019741 -1.00193095  
-0.999472201 -1.0017221 -0.999959588 -1.00068879 -0.999155402  
-1.00408888 -1.00414085 -1.00222206 -1.0030359 -1.00207567  
-1.00480962 -1.00501442 -1.00288475 -1.00325513 -1.00055754  
-0.998313248 -1.00303817 -1.001683 -1.00124967 -1.0015378  
-1.0009774 -1.00070119 -1.00016212 -1.00028574 -1.00152981  
-0.998963058 -1.00261521 -0.999599576 -1.00121033 -0.995487034  
-1.00018752 -1.00382507 -1.00260806 -1.00281441 -1.00012934  
-1.00057006 -1.00183654 -1.00094986 -1.00072098 -1.00139654  
-0.994714499 -1.00240386 -1.00006843 -1.0002749 -0.997623742  
-1.00438356 -1.00365579 -1.00389194 -1.00428593 -1.00481701  
-0.997387707 -1.00363696 -1.00159764 -1.00206625 -0.99876225  
-0.999264181 -1.00293469 -0.999181867 -1.000471 -0.99823159  
-0.999030471 -1.00243866 -1.00083756 -1.00052094 -1.00006723  
-0.994599521 -1.00324571 -0.999902666 -1.00020707 -0.99761349  
-0.999128044 -1.00231647 -0.999784052 -1.00109994 -0.997291148  
-1.00070763 -1.00287783 -1.00065374 -1.00172436 -0.999827981  
-0.998789966 -1.00215232 -0.999689639 -1.00097167 -0.999405801  
-0.992377639 -1.00221467 -1.00046015 -1.00075853 -0.998762727  
-1.00221241 -1.00399661 -1.00101542 -1.00137961 -0.998607695  
-1.00223696 -0.999753058 -1.00074601 -1.00000334 -1.00338531  
-0.997554243 -1.00215042 -0.998503506 -0.999385953 -0.996706843  
-0.999298573 -1.00209808 -1.00001502 -0.999510527 -0.999255538  
-1.00005853 -0.999935329 -0.999407887 -0.99905622 -1.00058019  
-0.999933183 -1.0026015 -0.999529779 -1.00044429 -0.997560918  
-0.999929488 -1.00262833 -0.999827981 -1.0003444 -0.998342097  
-1.00536311 -1.00517786 -1.00272095 -1.00331986 -1.00213182  
-1.0004884 -1.00210166 -1.00045824 -0.999729276 -1.00021517  
-1.0006882 -1.00002313 -1.00109684 -1.00041032 -1.00273383  
-1.00052536 -1.00347471 -1.00137961 -1.00140214 -0.998345077  
-0.998266041 -0.999503553 -0.99823302 -0.997844338 -0.999253809  
-1.00742292 -1.00246358 -1.00232053 -1.00234425 -1.00466728  
-1.0011754 -1.00241935 -1.00033402 -1.0007627 -1.0006479  
-0.999419689 -1.00094903 -0.99998188 -0.999556184 -0.999210596  
-1.00078142 -1.00140095 -0.99959892 -1.0002197 -0.999983311  
-0.999136448 -0.99894619 -0.999311388 -0.998422384 -1.0009737  
-1.00166976 -0.999983728 -1.00178742 -1.00069821 -1.00446761  
-0.99786073 -1.0025444 -0.999351919 -1.0000602 -0.997405827  
-1.00121987 -1.0018996 -1.00153279 -1.00058997 -1.00215971  
-1.00184631 -1.00001585 -1.00074887 -0.999821305 -1.00319099  
-0.99900651 -1.0021826 -0.999428809 -1.0005976 -0.998245597  
-1.0026561 -1.00423944 -1.00177181 -1.00296986 -1.00160289  
-0.998916447 -0.999410093 -0.998859942 -0.997940421 -0.999439895  
-1.00358307 -1.00186753 -1.00199091 -1.00105989 -1.0039351  
-0.999347746 -1.00030375 -0.998595476 -0.998489201 -0.999605894  
-0.997440994 -1.00374782 -0.999071717 -1.00101042 -0.996747017  
-1.00041556 -1.00335968 -0.999605536 -1.00065494 -0.997316003  
-1.00023282 -1.00020838 -0.999732673 -0.999325871 -1.00081635  
-1.00266373 -1.0036844 -1.00106359 -1.00176954 -1.00075185  
-1.00167263 -1.00223947 -1.00082445 -1.0012511 -1.00084484  
-1.00328434 -1.00196946 -1.00123382 -1.00067496 -1.00024545  
-0.99999243 -0.999320269 -0.999710798 -0.998775482 -1.001369  
-0.998318613 -1.00123012 -0.999303758 -0.999382496 -0.998682857  
-0.998213947 -1.00315642 -0.999173522 -1.00085533 -0.996876001  
-1.00261688 -1.00009632 -1.00115991 -1.00017631 -1.00379252  
-0.996049106 -1.00158107 -1.0010922 -1.00033844 -1.00161982  
-0.999173701 -1.00242198 -0.99954468 -1.00092268 -0.996610165  
-1.00037897 -1.00076699 -1.00003409 -1.00033176 -1.00127172  
-1.00176787 -1.00041091 -1.00125408 -1.00075686 -1.00296891  
-1.00486684 -1.00526202 -1.0023849 -1.00286829 -1.00095928  
-0.997475445 -1.00169003 -0.998390377 -0.999375701 -0.996772468  
-1.00077248 -1.00223327 -1.00075865 -1.00172651 -0.999834359  
-1.00205898 -1.00140858 -1.00218606 -1.00118434 -1.0026288  
-1.00241804 -1.00114441 -1.00084352 -1.00044 -1.00121152  
-0.998525083 -0.999971151 -0.999187648 -0.998901844 -0.99906081  
-1.00089145 -1.00321162 -1.00034046 -1.00140452 -0.999914885  
-1.00067616 -1.00105929 -1.00100565 -1.00042069 -1.00251746  
-1.00253117 -1.00407732 -1.00118542 -1.00205994 -1.0000875  
-1.00418472 -1.0028882 -1.00122118 -1.00139618 -1.00166297  
-0.999446332 -1.00018156 -1.00015831 -0.999272227 -1.00075674  
-0.998556316 -1.00038028 -1.00007081 -0.999402285 -1.00072575  
-1.00118887 -1.00025463 -1.00113225 -1.00010026 -1.00249362  
-1.00555778 -1.00034642 -1.00356984 -1.00219727 -1.00667024  
-1.00254917 -1.00138736 -1.00138187 -1.00080895 -1.0031848  
-0.992951214 -1.00120807 -0.999416709 -0.999261618 -0.998071373  
-0.998852074 -1.00224841 -0.999361396 -0.999809444 -0.997805476  
-0.999429405 -1.00128651 -0.999724805 -0.999658704 -0.999464035  
-1.00096714 -1.00163639 -1.00083756 -1.0000366 -0.999767005  
-1.00255036 -1.003317 -1.00264025 -1.0030458 -1.002635  
-0.999856055 -1.00208616 -1.00136793 -1.00102758 -0.999930739  
-0.998230755 -1.00384367 -0.999736607 -1.00104618 -0.998407722  
-0.998977602 -0.998867929 -0.998349369 -0.997677088 -0.999829948  
-0.998641789 -1.00147259 -0.999216974 -1.00001359 -0.998175919  
-0.999508977 -1.0017606 -1.000049 -1.00070143 -1.00040543  
-1.00235438 -1.00208151 -1.00126266 -1.00123954 -1.00181949  
-1.00315726 -1.00162852 -1.00297081 -1.002442 -1.00334775  
-1.00098014 -1.00225115 -1.00089216 -0.999999106 -1.0010457  
-0.999263346 -1.0005064 -0.999993742 -0.999448061 -1.00016248  
0.272407472 -0.799406886 -0.8056252 -0.796785474 -0.807750285  
-1.00043666 -1.00196111 -0.99961108 -1.00040984 -0.999401987  
-0.998749435 -1.00205719 -1.00022221 -1.00092137 -0.999695301  
-1.00167525 -1.00383222 -1.00296855 -1.00342894 -1.00377464  
-0.9987396 -1.00140297 -0.998535454 -0.999202073 -0.997744322  
-1.00295532 -1.00436521 -1.0011518 -1.00172782 -0.999503493  
-1.0017817 -1.00346494 -1.00170732 -1.00277317 -1.00174522  
-1.00407422 -1.00410903 -1.00297892 -1.00285912 -1.00123656  
-0.998951674 -1.00265944 -1.0021534 -1.00168049 -1.0028764  
-1.00130975 -1.0039717 -1.00039434 -1.00132167 -0.998285651  
-1.00234306 -1.00381064 -1.00084233 -1.00173795 -1.00058365  
-1.00199366 -1.00364459 -1.00119245 -1.00224137 -1.00011075  
0.0930607766 -0.863843143 -0.909831047 -0.849681437 -0.909104168  
-0.998984993 -0.999977887 -0.998343825 -0.998313069 -0.999139011  
-0.999164402 -1.00245571 -0.998975754 -0.999589026 -0.996904254  
-1.00037766 -1.00063062 -0.999985158 -0.999326706 -1.00058389  
-0.999321938 -1.00062823 -0.999999821 -0.999708116 -0.999565482  
-0.999819279 -1.00060427 -0.99949193 -0.999466836 -1.00054026  
-1.0014596 -1.00160253 -1.00109577 -1.00035381 -1.00109327  
-1.00106049 -0.999478936 -0.99991256 -0.999224961 -1.00206745  
-1.00336123 -0.997531772 -0.997815728 -0.997422874 -0.999283373  
-1.00431323 -1.00170016 -1.00285935 -1.00264275 -1.00516129  
-1.00116229 -1.00373363 -1.00123596 -1.00261652 -1.00087738  
-0.997930229 -1.00213873 -1.00184488 -1.00128412 -1.00212634  
-0.997460544 -1.00255692 -0.999006391 -0.999906421 -0.996858418  
-0.99955672 -1.00206697 -1.0011549 -1.00166929 -1.00141585  
-1.00121903 -0.999764442 -1.00053596 -1.00006902 -1.00282848  
-0.998624682 -1.00376284 -0.999319971 -1.00087595 -0.997728825  
-0.999677479 -1.003371 -1.00057364 -1.00102651 -0.998546243  
-0.99918133 -1.0019021 -0.998985469 -0.999983609 -0.998046577  
-1.00071716 -1.00124776 -1.00049257 -0.999928117 -1.00055861  
-1.00014591 -1.00035429 -0.999846518 -0.999679863 -1.00073135  
-1.00045538 -0.999414861 -1.00225031 -1.00154519 -1.00387967  
-1.00087237 -1.00128162 -0.999759912 -0.999866188 -1.00059199  
-1.00235569 -1.00373971 -1.00110471 -1.00204742 -1.00081074  
-0.999099433 -0.998937964 -0.998807907 -0.998228192 -1.00082266  
-0.999388397 -1.00353193 -0.99971211 -1.00102198 -0.995981276  
-1.00003183 -1.00148058 -1.00132537 -1.00077236 -1.00247812  
-1.00015092 -1.00038362 -1.00031233 -0.999623656 -1.00058353  
-0.999935806 -1.00077689 -0.999747038 -1.00016141 -1.00100482  
-0.998669982 -1.00214899 -0.998864591 -0.999777198 -0.998172224  
-0.998447776 -1.00295389 -0.999239028 -1.00032496 -0.995723367  
-1.00684285 -1.00487065 -1.00327635 -1.00332463 -1.00313973  
-0.999863625 -1.00141668 -0.999970317 -1.00074744 -1.00081086  
-0.99932456 -1.00285006 -0.999499619 -1.00075293 -0.998717248  
-1.00094831 -1.00176823 -1.00016618 -1.00015879 -1.00082636  
-0.999973357 -1.00365174 -1.00049973 -1.00168002 -1.00001073  
-0.999015987 -1.00303566 -1.0017941 -1.0014329 -1.00168598  
-1.00441742 -1.00244439 -1.00285292 -1.00209439 -1.00454021  
-1.00058222 -0.999173343 -0.999201238 -0.998567879 -1.00110137  
-0.998634458 -1.00050712 -0.998476207 -0.998722315 -0.998514712  
-1.00211954 -1.00386167 -1.0016762 -1.00181961 -0.999872923  
-0.998430312 -1.00105488 -0.998045743 -0.99874419 -0.997186661  
-1.00003231 -1.00280857 -0.999923468 -1.00081015 -0.999346256  
-1.00245297 -0.998865068 -0.998466253 -0.998707473 -0.999118567  
-1.00379956 -1.00446272 -1.00198698 -1.00273514 -1.00154901  
-1.0014379 -1.00129139 -1.00075269 -1.00089383 -1.00140953  
-0.999046624 -1.00308692 -1.00180817 -1.00142455 -1.00156879  
-0.998410463 -1.0024606 -1.00019717 -1.00055873 -0.999694467  
-0.998734534 -1.00101769 -1.00086522 -1.00021589 -1.00230479  
-0.99444598 -1.00225794 -0.997543335 -0.99906534 -0.99447298  
-0.994689286 -1.00164628 -0.999650002 -0.999498725 -0.9979074  
-0.990217507 -1.00268829 -0.999035239 -0.999783456 -0.995966971  
-0.998496413 -1.00203276 -0.99876374 -0.999565303 -0.996394277  
-0.996377289 -0.997786462 -0.99655956 -0.9958359 -0.997717083  
-0.999499381 -1.0042268 -1.0008899 -1.00196397 -0.997748971  
-1.00155389 -1.00321376 -1.00016046 -1.00118577 -0.99962616  
-0.99988538 -1.00316894 -0.999669313 -1.00103354 -0.997109294  
-1.00125134 -0.99988091 -1.0011965 -1.00020766 -1.00279224  
-1.00306642 -1.00245249 -1.00346673 -1.00308597 -1.00306654  
-0.998423219 -1.00212431 -0.998948395 -0.999894559 -0.996701539  
-0.999609292 -1.00235808 -0.999334514 -1.00027919 -0.998759925  
-1.00020242 -1.00142741 -1.00041151 -1.0007 -1.00119007  
-1.00212419 -1.0016067 -1.0005573 -1.00053596 -1.00176108  
-1.00312555 -1.00165558 -1.00229573 -1.00189352 -1.00479639  
-1.00114715 -1.00301349 -1.00166941 -1.00145388 -0.999702811  
-1.00175273 -1.00096798 -1.00050545 -1.00028718 -1.00089908  
-1.00021362 -1.0022788 -1.00064313 -1.00036943 -0.998989344  
-0.998949349 -1.00291169 -0.999224722 -1.00019038 -0.997639716  
-1.00011897 -1.00259674 -1.00029778 -1.00140715 -0.999151289  
-1.00074863 -1.00262487 -1.00018549 -1.00106585 -0.999637127  
-0.997945368 -1.00160694 -0.998797059 -0.999132872 -0.997772455  
-0.997572005 -1.00201511 -1.00090468 -1.00038075 -1.0011431  
-0.998013318 -1.00136387 -0.998267651 -0.998846292 -0.997943461  
-1.00170171 -1.00181162 -1.00173903 -1.00167727 -1.00302029  
-0.999858081 -1.00222373 -1.00052023 -1.00033593 -0.99957943  
-1.00081384 -1.0014379 -1.00008285 -0.999979377 -1.00054514  
-0.998590887 -1.00077832 -0.999817729 -0.999687791 -1.00025284  
-1.00039828 -0.999819338 -1.00181746 -1.0010885 -1.003932  
-1.00251257 -1.0034765 -1.00078416 -1.00144625 -0.999224365  
-0.99692148 -1.00322962 -0.999908388 -1.00095916 -0.998130023  
-0.991189182 -1.00221002 -0.999729514 -1.00022066 -0.99739176  
-0.999008536 -1.0004797 -0.99848789 -0.998363972 -0.999355853  
-1.00239372 -1.00047374 -1.00170183 -1.00069809 -1.0036037  
-0.997764051 -1.0027262 -0.998924017 -0.99981904 -0.996341407  
-0.999488294 -0.999988854 -0.998528957 -0.998437166 -0.99954623  
-1.001104 -1.00277424 -1.00043154 -1.00122607 -0.999867916  
-1.00320208 -1.00028825 -1.00214505 -1.00117326 -1.00416315  
-0.99784416 -1.00294316 -0.999010444 -1.00016046 -0.995004952  
-1.00291932 -1.00377083 -1.00200391 -1.00254118 -0.999831915  
-1.00088942 -1.00290275 -1.00115454 -1.00214386 -0.999918044  
-0.996499777 -0.998540342 -0.997901976 -0.997133613 -0.999005079  
-0.996184886 -0.99888432 -0.998490155 -0.997957885 -0.999204099  
-1.00047624 -1.00243604 -1.00016713 -1.00032556 -0.999607563  
-0.99708271 -1.0009793 -0.997320354 -0.998072922 -0.99548012  
-0.998921931 -1.00241315 -1.00060725 -1.00026381 -1.00064778  
-0.999448478 -1.00254345 -1.0002799 -1.00135827 -0.998545527  
-1.00157034 -1.00125372 -1.00013518 -0.999999702 -1.00138605  
-1.00038457 -1.00042093 -0.999507964 -0.9994573 -1.00054121  
-0.999431789 -1.00311911 -1.00056911 -1.00146639 -1.00025678  
-1.00213492 -1.00384045 -1.00183773 -1.00201547 -1.00018525  
-1.00302756 -1.00150049 -1.00187922 -1.00138891 -1.00369322  
-0.998009384 -1.00201297 -0.999590993 -1.00059581 -0.999162436  
-0.996877074 -1.00272417 -0.998336911 -0.9998914 -0.996028602  
-0.997550547 -1.00217962 -1.00142503 -1.00106335 -1.00096714  
-1.00152898 -1.00423205 -1.00278044 -1.00368941 -1.00326538  
-1.00159442 -1.00012708 -1.00051045 -0.999976516 -1.00241733  
-0.997011602 -1.00195146 -0.998187661 -0.99908638 -0.995727241  
-0.0400719792 -0.939946234 -0.953235865 -0.939001501 -0.95685041  
-0.998596728 -1.00008714 -0.999660432 -0.999601841 -0.999805152  
-1.00565934 -1.00328827 -1.00207889 -1.00253427 -1.00338805  
-0.997562051 -1.00098324 -0.997506797 -0.998253942 -0.995911896  
-1.00066185 -1.00176084 -0.999780715 -1.00020409 -0.999973118  
-1.0027715 -0.999825776 -1.00189161 -1.00088704 -1.00397861  
-0.998809636 -1.00027668 -0.999228954 -0.999084532 -1.00037563  
-1.00267589 -1.00167942 -1.00113976 -1.00043893 -1.00176764  
-1.00451064 -1.00189459 -1.00334752 -1.00267851 -1.00494492  
-1.00108695 -1.00263691 -1.00046957 -1.00148535 -1.00019622  
-1.0033164 -1.00337005 -1.00123048 -1.00174117 -1.00150621  
-0.996316969 -1.00237739 -0.999708831 -1.00047088 -0.998085737  
-1.00067389 -0.999032319 -0.999268234 -0.998732328 -1.00139189  
-1.00050509 -1.00046051 -0.999749124 -0.999432385 -1.00101125  
-1.00093687 -0.999894798 -1.00016367 -0.999832094 -1.00267041  
-1.00350964 -1.00093997 -1.0010047 -1.00009096 -1.00119889  
-0.997691691 -1.00358069 -1.00138152 -1.00136173 -0.999868989  
-0.999330163 -1.00303376 -1.00070035 -1.00218868 -1.0009625  
-0.999926388 -1.00383866 -1.00069582 -1.00236499 -0.999836564  
-1.00082505 -1.00248539 -1.00004601 -1.00100803 -0.9988783  
-0.998951435 -1.0001384 -0.998375475 -0.998640835 -0.998727024  
-1.00008297 -1.00232935 -0.99994117 -1.00082493 -0.998576343  
-0.998899758 -1.00200653 -1.00031805 -1.00026274 -0.999474704  
-0.499429345 -0.998675942 -0.997760236 -1.000772 -1.0002383  
-0.997513413 -1.00175905 -0.998220623 -0.999062896 -0.996199965  
-1.00062859 -1.00319445 -1.00085449 -1.00121677 -0.99942404  
-0.997164071 -1.00280643 -1.0009706 -1.00090218 -1.00027633  
-1.00190234 -1.00391126 -1.00075257 -1.00187171 -1.00002182  
-1.00123203 -1.00165045 -1.00053525 -1.00025654 -1.00109851  
-0.998278558 -1.00203371 -1.00000453 -0.999728084 -0.998623729  
-1.00046921 -1.00170326 -1.00031495 -1.00071454 -1.00032067  
-1.00076187 -1.00223482 -0.999706626 -1.0004164 -0.999213099  
-1.00631213 -1.00315177 -1.00261927 -1.0023998 -1.00378811  
-1.00366747 -1.00133824 -1.00285959 -1.00250697 -1.00468898  
-0.998691142 -1.00326943 -0.999527514 -1.00069261 -0.998482049  
-0.998325527 -0.999522507 -0.997095942 -0.998158038 -0.996364892  
-0.999803483 -1.00110614 -0.999219179 -0.999186754 -0.999229908  
-1.00000298 -1.00209475 -0.999811947 -0.999868631 -0.999302506  
0.0350140184 -0.888506055 -0.928224564 -0.887045622 -0.939160168  
-1.00114512 -1.00044119 -1.00071001 -1.00002623 -1.00271356  
-0.996108234 -1.00350165 -1.00069594 -1.00060344 -0.999772608  
-1.00105655 -0.999894142 -1.00018859 -0.999937356 -1.00202513  
-0.998778164 -1.00256538 -0.999120772 -1.00065172 -0.996242523  
-0.478689194 -0.995032489 -0.99739939 -0.997958958 -1.00146604  
-0.998420656 -1.00228095 -0.998996139 -0.999485791 -0.995918453  
-0.999961793 -0.999926269 -0.999234021 -0.999031067 -1.00059104  
-0.999142468 -1.00181055 -0.998806417 -1.00003397 -0.996766865  
-1.00218832 -1.00189054 -1.00091505 -1.00015497 -0.999759078  
-1.00048578 -1.00217879 -1.00129128 -1.00061703 -1.00188923  
-1.00259757 -1.00164604 -1.00138426 -1.00050008 -1.00196815  
-0.99780637 -1.00350809 -0.999909818 -1.00054884 -0.996412933  
-0.996982574 -1.00232148 -1.00009441 -0.999632359 -0.998847663  
-0.998513758 -1.00287545 -0.999274909 -1.00050163 -0.995135665  
-1.00059009 -1.00095403 -1.00023687 -1.00021625 -1.00070834  
-0.998144567 -1.00352991 -0.999447465 -1.00070071 -0.99500978  
-0.998683155 -1.00142658 -0.998503268 -0.999351621 -0.997893155  
-1.00203264 -1.003528 -1.00097442 -1.00185823 -1.00041497  
-0.999276936 -1.00277162 -0.99963057 -1.00064909 -0.998520076  
-1.0001117 -0.9992432 -0.998801887 -0.998413324 -1.00064349  
-0.999114871 -1.00261319 -1.00192642 -1.00150275 -1.00206268  
-0.998577416 -0.99967581 -0.997822285 -0.998034477 -0.998522878  
-0.998966753 -1.00096381 -1.00068903 -0.999877453 -1.00231862  
-1.00323939 -1.00124693 -1.00133371 -1.00014973 -1.0025667  
-1.00100076 -1.00199986 -1.00025022 -1.00031459 -0.999459565  
-0.999037683 -1.00195634 -1.00027299 -0.999955118 -0.999622524  
-0.999914169 -1.00173497 -1.00003958 -0.999557137 -0.99817121  
-0.993719161 -1.00360632 -1.00138354 -1.00190139 -0.999140263  
-1.00052881 -0.999438047 -0.999147773 -0.998622417 -1.00090194  
-1.0018599 -1.00027442 -1.00205016 -1.00101089 -1.00405788  
-1.00083911 -1.00242007 -1.00003731 -1.00085473 -0.999768555  
-0.995544374 -1.00224781 -1.00062668 -1.00053263 -0.99992907  
-0.918031514 -1.00501609 -1.00559425 -1.01158464 -1.01167619  
-1.00413489 -1.00182486 -1.00268865 -1.00191724 -1.00463402  
-0.993071616 -1.00013041 -0.998696566 -0.999100089 -0.996216238  
-1.00060534 -1.0035491 -1.00008869 -1.00131226 -0.99891305  
-1.00102079 -1.00216305 -1.00022304 -1.0008955 -1.00009179  
-1.00217891 -1.0012815 -1.00157785 -1.00159514 -1.00293088  
-1.00044179 -1.00205922 -1.0000031 -0.999590635 -1.00010419  
-0.999720991 -1.00037169 -0.999152184 -0.998705983 -0.999938786  
-1.00013745 -1.00088716 -0.999778867 -0.99993217 -1.0001837  
-0.998802245 -0.999110997 -0.998706996 -0.998064041 -0.999995828  
-0.998588979 -1.00177991 -1.00085759 -1.00020695 -1.00168991  
-0.998267412 -1.00290763 -0.999430776 -1.00014532 -0.99579078  
-1.00026834 -1.0020411 -0.999686539 -1.00054741 -0.99903965  
-0.999137819 -1.00088418 -0.998474658 -0.998942196 -0.997883022  
-0.996418774 -1.00317216 -0.999038398 -1.00055277 -0.997109413  
-1.0003233 -1.0019474 -1.00035214 -1.00118661 -0.999736607  
-0.995139539 -1.00165343 -0.999955297 -0.999827981 -0.99893111  
-1.00185049 -1.00347757 -1.00334263 -1.0034579 -1.00454867  
-1.0019685 -1.00282705 -1.00128901 -1.00118995 -1.0002147  
-0.99888283 -1.00209296 -0.999535799 -1.00078535 -0.998527467  
-1.00038385 -1.00080347 -0.99978441 -0.999261916 -1.00109506  
-1.00583959 -1.00288868 -1.0018785 -1.00212395 -1.00228047  
-1.00206149 -0.999254405 -0.999718368 -0.998862267 -1.0021193  
-1.0027293 -1.00139534 -1.00137258 -1.00119996 -1.00265586  
-1.00011992 -1.00096154 -0.999686062 -0.99950403 -1.00047028  
-1.0007149 -1.00229907 -1.00017416 -1.00082862 -1.0003854  
-1.00204325 -1.00049019 -1.00177312 -1.00098705 -1.00352538  
-1.00067735 -1.00303972 -1.00090575 -1.00198555 -0.999398351  
-1.00294149 -1.00225079 -1.00208032 -1.00224316 -1.00303423  
-0.320285082 -0.995069742 -0.997088492 -0.993194163 -0.995208025  
-0.997899711 -0.998583257 -0.99866122 -0.997799873 -0.999557078  
-0.996056437 -1.00189471 -1.00076902 -1.00040615 -1.00070286  
-0.99872154 -1.00280869 -0.999201953 -1.00063932 -0.996585071  
-0.999951184 -1.00224769 -1.00005102 -1.00023687 -0.999540329  
-0.998403013 -1.0024842 -0.999584973 -0.999843836 -0.996404231  
-1.00014353 -1.00229049 -0.999123335 -0.99978894 -0.997947395  
-0.999297321 -1.00266623 -0.999794185 -1.00046062 -0.998206139  
-0.998679161 -1.00416124 -1.00055063 -1.00171626 -0.997023046  
-0.994864225 -1.00357711 -1.00157285 -1.00222635 -0.99863565  
-0.458061874 -0.996772707 -1.00125766 -0.998523474 -1.00300241  
-0.996864617 -0.99858731 -0.997290254 -0.99664104 -0.998191833  
-1.00096178 -1.00381947 -1.00117564 -1.00172186 -0.998828232  
-0.998414576 -1.00283873 -0.999090672 -1.00056279 -0.9969787  
-1.00200295 -1.00339973 -1.00125444 -1.00233483 -1.00063086  
-0.999786854 -1.00183785 -0.999899685 -1.0002321 -0.999093652  
-1.00239873 -1.00287151 -1.0015645 -1.00123906 -1.00026703  
-1.00102568 -1.00278115 -1.00102258 -1.00018668 -1.00147891  
-1.00178885 -1.00261796 -1.00165093 -1.00214899 -1.00144482  
-0.999402285 -1.00078809 -0.999305964 -0.999295235 -0.999881685  
-1.00419152 -1.00186133 -1.00153852 -1.00072336 -1.00249541  
-0.999587774 -0.998760641 -0.998738885 -0.998430967 -1.00088274  
-1.00001979 -1.00044274 -1.0004065 -0.999883413 -1.0013634  
-1.00025105 -0.998812497 -1.00002384 -0.999005198 -1.00261497  
-1.00274754 -1.00149822 -1.00229645 -1.00222659 -1.0042659  
-1.00061166 -1.0016464 -1.00009036 -1.00067461 -1.00026262  
-1.00083613 -1.0023365 -1.00097156 -1.00151062 -1.00128496  
-1.00080943 -0.999074876 -0.99967581 -0.999020934 -1.00097489  
-0.998369336 -1.00319171 -0.999284685 -1.00099838 -0.996900856  
-0.99937284 -1.00288975 -1.00012994 -1.00085187 -0.997995794  
-0.998111188 -1.00125802 -1.00167418 -1.00100327 -1.00349092  
-1.00026166 -1.00211167 -1.00043249 -1.00130224 -0.999581993  
-1.00056934 -1.00219595 -1.00040591 -1.00025868 -0.999828935  
-1.00469911 -1.00347185 -1.00236523 -1.00187874 -1.00139856  
-0.997620344 -0.999694586 -0.997698963 -0.997818232 -0.998002708  
-1.0001303 -1.00054944 -0.999853432 -0.999681175 -1.00033307  
-1.00081801 -1.00322759 -1.00169206 -1.00146914 -1.00003326  
-0.998677015 -1.00228429 -0.999756038 -1.0003444 -0.998768568  
-0.999202907 -1.00289917 -0.999975741 -1.0013361 -0.996893466  
-0.998270333 -1.00328195 -1.0015521 -1.00132239 -1.00056541  
-0.993983984 -1.00250411 -1.00081921 -1.00106847 -0.999689817  
-1.00385404 -1.00481069 -1.00184345 -1.00224984 -1.00047934  
-1.00107062 -1.00149226 -1.00069082 -1.00047803 -1.00140524  
-0.999552548 -0.999716401 -0.999616206 -0.999324799 -1.00188768  
-1.00417376 -1.0027504 -1.00338244 -1.00253773 -1.00375676  
-1.0025301 -1.00208879 -1.00126088 -1.00099218 -1.00215554  
-0.999564469 -1.00377512 -0.999831498 -1.00133836 -0.998532951  
-1.0014677 -1.00123751 -1.00045431 -0.999953866 -1.0001719  
-1.00053 -1.00105751 -0.999575794 -0.999739408 -0.999818146  
-0.372850835 -0.997540891 -0.997987032 -0.997171164 -0.996879101  
-0.666258812 -1.00324857 -1.00131822 -1.00833821 -1.00543404  
-1.00370145 -1.00095284 -1.00188637 -1.00047779 -1.00473773  
-1.00003469 -1.00300848 -1.0004468 -1.00064862 -0.998856187  
-1.00082254 -1.00188112 -1.00050235 -1.00118983 -1.00036728  
-1.00121224 -1.00319982 -1.00123167 -1.00117779 -1.00022602  
-1.00162756 -1.00302517 -1.00119627 -1.00104451 -0.998803914  
-1.00208199 -1.00399947 -1.00147462 -1.00257766 -0.999521911  
-0.999375463 -1.00227094 -0.999856949 -1.00107527 -0.996942341  
-0.998035312 -1.00316644 -0.999389052 -1.00047708 -0.995295286  
-0.999547422 -1.00298357 -1.00135815 -1.00108004 -1.00041914  
-1.00085986 -1.00261152 -1.00032187 -1.00130582 -0.999189079  
-1.00203204 -1.00289297 -1.00119913 -1.00175309 -1.00120032  
-1.00396538 -1.00280011 -1.00182426 -1.00144446 -1.00100887  
-0.762236834 -0.997831404 -1.00379825 -0.997385144 -1.00548196  
-0.999057651 -1.00431025 -1.00059819 -1.00163376 -0.99724412  
-0.998995006 -1.00090051 -1.00064111 -1.0001384 -1.00068223  
-0.998436987 -1.00080204 -0.999982595 -0.999598503 -1.00078738  
-1.00326395 -1.00141561 -1.00171924 -1.00092089 -1.00330114  
-1.00250077 -1.0031476 -1.00276804 -1.00212538 -1.00263536  
-0.998995125 -1.00216961 -0.999777019 -0.999774814 -0.998072803  
-0.9984532 -1.00058019 -0.998365223 -0.998767376 -0.997725487  
-0.99987179 -1.00286579 -1.00002587 -1.00119174 -0.997549713  
-0.998911083 -1.00180078 -0.999485254 -1.00045991 -0.998150945  
-0.999153137 -1.00308955 -1.00016809 -1.00160444 -0.998652399  
-0.998753846 -1.00186002 -0.998293638 -0.999128461 -0.996447325  
-0.999716818 -1.00267732 -1.00155735 -1.00186658 -1.00179887  
-1.0020293 -1.00104964 -1.00145054 -1.00094116 -1.00309145  
-1.00008297 -1.00238168 -1.00000799 -1.00108528 -0.99879247  
-1.0009973 -1.00268793 -1.00027347 -1.00120676 -0.999906301  
-0.995172143 -1.00084972 -0.999809146 -0.999884605 -0.998500884  
-0.999296606 -1.00172532 -0.999051273 -0.999961615 -0.998414099  
-0.998524249 -1.00208592 -0.998960972 -0.999759614 -0.997302353  
-1.00237572 -1.0018028 -1.00150967 -1.00054896 -1.0026412  
-0.998463631 -1.00237656 -1.001266 -1.00090551 -1.00046277  
-1.00095129 -1.00301015 -1.00189352 -1.00125134 -1.0011487  
-1.00071681 -0.999936402 -0.99979037 -0.9992522 -1.00201607  
-1.00246155 -1.00272655 -1.00138235 -1.00086331 -1.00000596  
-1.00068438 -1.0015049 -0.999724448 -1.00012755 -1.00022829  
-0.994489491 -1.00282967 -1.00074506 -1.00077844 -0.999169409  
-1.00047123 -1.00283325 -1.00037193 -1.00132287 -0.999140084  
-1.00035822 -1.00127172 -1.00104737 -1.00125396 -1.00261188  
-0.997812092 -1.00158226 -0.998291612 -0.999073744 -0.997708857  
-0.998001754 -1.00245917 -1.00133586 -1.00109744 -1.00129879  
-1.00148892 -1.00209188 -1.00071728 -1.00051105 -1.00111461  
-1.00137949 -1.00168693 -1.00053847 -1.00047803 -1.00118577  
-0.999450266 -1.00249398 -1.00019956 -1.00153673 -0.99759388  
-1.00158608 -1.001243 -1.00090551 -1.00048494 -1.00284874  
-1.00046623 -1.00094235 -1.00022364 -1.00043201 -1.00004196  
-0.999809682 -1.00191092 -1.00017893 -1.00091577 -0.999224305  
-0.999660194 -1.00063443 -0.999527931 -0.999591112 -1.00068665  
-1.00035191 -1.0005759 -0.998258948 -0.998963118 -0.997643828  
-0.998601198 -1.00165904 -0.999547601 -0.999922812 -0.998106658  
-0.999770701 -1.00075436 -0.998907089 -0.999402046 -0.999445319  
-1.00036025 -1.00419497 -1.00165153 -1.0019654 -0.998412669  
-0.997070193 -1.00195742 -1.00003958 -1.00000215 -0.997552633  
-0.99318254 -1.00273228 -1.00013447 -1.00057137 -0.997986317  
-0.999731243 -1.00188124 -0.999192178 -1.00008488 -0.997998595  
-1.00216472 -1.00239694 -1.00052023 -1.00088382 -0.999983191  
-1.00209129 -1.00029802 -1.00078011 -1.00018656 -1.00327122  
-1.00068951 -1.00296354 -1.00210059 -1.00167632 -1.00198269  
-0.99988246 -1.00252223 -0.999216974 -1.00020671 -0.998250604  
-1.00060701 -0.999516428 -0.999923646 -0.999114871 -1.00188899  
-0.998527527 -1.00086415 -0.999098718 -0.998957396 -0.999409497  
-1.00173318 -1.00308883 -1.00065076 -1.00149548 -1.00049257  
-1.00319517 -1.00386703 -1.00170147 -1.00262141 -1.00149703  
-0.999609172 -1.00296628 -1.00119567 -1.00130153 -0.998730242  
-1.00066495 -1.0019412 -1.00073624 -1.00055647 -1.00064409  
-0.998508513 -1.00279438 -0.999044895 -1.00037336 -0.995560765  
-0.997504592 -0.997276843 -0.997461259 -0.996426344 -0.999391258  
-1.00003839 -1.00000894 -0.999606073 -0.999233067 -1.0006758  
-0.996802032 -1.00175631 -0.9979918 -0.999459505 -0.99671489  
-1.00197411 -1.00310349 -1.00075483 -1.00175381 -0.999705791  
-1.00224102 -0.999731421 -1.00059247 -0.999896884 -1.00315297  
-1.00249374 -1.00094545 -1.00132465 -1.00049388 -1.00375032  
-0.998404324 -1.00172639 -0.999299884 -1.00007892 -0.998229802  
-1.00315249 -1.00460935 -1.00197458 -1.00325131 -1.00120687  
-1.00043297 -1.00466716 -1.00131392 -1.00257266 -0.997208238  
-1.00020421 -1.0021894 -1.00049329 -1.00127017 -0.999632478  
-1.00041866 -1.00204766 -1.00001383 -1.00039756 -0.999778092  
-1.0014652 -0.999877095 -1.00053859 -0.999998927 -1.00220764  
-0.996280909 -1.00194287 -0.997712195 -0.99900353 -0.995962679  
-1.00203145 -1.00055587 -1.00216341 -1.00096405 -1.00465417  
-1.00132883 -1.00341284 -1.00025225 -1.00109935 -0.998862803  
-1.00335491 -1.00254202 -1.00301301 -1.00278211 -1.00243044  
-0.99626404 -1.00307465 -0.998538613 -1.00019503 -0.996370316  
-0.998838603 -1.00371754 -0.999650836 -1.00089049 -0.994988024  
-1.00139773 -1.00067759 -1.00168657 -1.0011766 -1.00357592  
-1.00096548 -1.00010133 -1.00005889 -0.999479651 -1.00173736  
-1.00060868 -1.00312972 -1.00056434 -1.00169587 -0.999141216  
-1.002123 -1.00163329 -1.00183225 -1.00104928 -1.00283945  
-1.00147033 -1.00339305 -1.00097752 -1.00172246 -1.0012418  
-1.00126243 -1.00229239 -1.00173819 -1.00199425 -1.00261462  
-1.00018966 -1.00187635 -0.999446511 -1.00020003 -0.999345779  
-0.998463929 -1.00224483 -1.00171661 -1.00126374 -1.00184989  
-0.999867618 -0.999265015 -0.99869591 -0.998323917 -1.00009549  
-1.00165308 -1.00166667 -1.00051141 -1.00071752 -1.00123954  
-0.99721092 -1.00209832 -0.998567998 -0.999509871 -0.996680737  
-1.00043869 -1.00113153 -1.00036597 -1.0001483 -1.00122142  
-1.00005782 -1.00317705 -0.999830782 -1.00097346 -0.999132872  
-1.00223625 -1.00297081 -1.00036728 -1.00092411 -0.999404371  
-1.0012418 -1.0011214 -0.99991858 -0.999842644 -1.00008273  
-1.00100064 -1.00298667 -1.00077605 -1.00104201 -0.999847829  
-0.999911726 -1.0011518 -0.999308765 -0.999524057 -0.999478579  
-1.00064099 -1.00005484 -0.999894202 -0.999385476 -1.00101388  
-0.999913633 -1.00192404 -0.999483764 -0.999989212 -0.999133646  
-0.998633921 -1.00113678 -0.998488665 -0.998981833 -0.997400165  
-1.00028074 -1.0002836 -0.999543846 -0.999213815 -1.00077963  
-0.999928176 -1.00279367 -1.00108409 -1.00106454 -0.999894321  
-1.00242484 -1.00079823 -1.00039148 -0.99970448 -1.00067592  
-0.997509599 -0.999791741 -0.999829888 -0.999233902 -1.00023878  
-0.998344362 -1.00102961 -0.998263001 -0.998867035 -0.997591794  
-0.999804497 -1.00038195 -0.999878109 -0.999695182 -1.00053918  
-1.00016296 -1.00194979 -1.00012326 -1.0003916 -1.00010133  
-0.99957937 -1.00175285 -0.999544919 -0.999282956 -0.996852517  
-1.001562 -1.00179386 -1.00064147 -1.00109398 -1.00126469  
-1.00090194 -0.999855101 -0.999809444 -0.999099314 -1.00160682  
-0.997466624 -1.00251436 -0.999331474 -0.99989301 -0.996883571  
-1.00105035 -1.002666 -1.00144863 -1.00107825 -1.00115323  
-1.0011307 -1.00171733 -1.0019083 -1.00192881 -1.00401902  
-1.0020225 -1.00055206 -1.00077605 -0.999816656 -1.00347662  
-0.998716891 -1.00342226 -0.999631047 -1.00099492 -0.994830847  
-1.00406659 -1.00426936 -1.00202 -1.00272083 -1.00208235  
-0.999847114 -1.00091624 -0.999918282 -0.999757767 -0.999895453  
-0.999790251 -1.00093555 -0.998774529 -0.998973191 -0.997846544  
-0.998447597 -1.00290585 -0.999256194 -1.00065076 -0.994802356  
-1.00197101 -1.00335181 -1.00123167 -1.00190675 -1.00093043  
-0.995465219 -1.00254691 -0.99989289 -0.999811649 -0.998364091  
-0.998588383 -1.002473 -0.998826563 -1.00000584 -0.997821212  
-0.994825542 -1.00258112 -1.00169849 -1.00190473 -1.00073147  
-0.998945773 -1.00072861 -0.998640537 -0.999024808 -0.998393476  
-0.996305287 -0.999389768 -0.99745959 -0.997315764 -0.997624338  
-0.9992221 -1.0019021 -0.999578178 -0.999366164 -0.997739732  
-1.00070083 -1.00302565 -1.00085115 -1.00186849 -0.999797523  
-1.00206184 -1.00314522 -1.00164604 -1.00155318 -1.0003773  
-0.999488056 -1.00047898 -1.00066876 -0.99985373 -1.00198901  
-0.998859644 -0.999072254 -0.998261631 -0.997831583 -0.999278367  
-0.996493757 -1.00285172 -0.998619378 -0.999934196 -0.996171892  
-1.00213325 -1.00182045 -1.00092363 -1.00097573 -1.00179923  
-1.00137937 -1.00207663 -1.00039911 -1.00056601 -1.00080991  
-1.00021565 -0.999074519 -0.999926627 -0.998993039 -1.00230873  
-0.999730349 -1.00214124 -0.999613106 -0.999682009 -0.997342765  
-0.999369681 -1.00120497 -0.998736978 -0.99937427 -0.998675704  
-1.00101864 -1.00202417 -1.00055301 -1.00099444 -1.00050569  
-0.995814443 -1.00240326 -0.998384655 -0.999428689 -0.996756673  
-1.00117159 -0.999556601 -1.00035477 -0.999421358 -1.00263441  
-0.999312341 -1.00176132 -0.999959052 -1.00000918 -0.999568045  
-0.998761833 -1.00286043 -1.00103641 -1.00069463 -1.00008094  
0.125872716 -0.843616068 -0.897142768 -0.829760313 -0.900740147  
-0.999709904 -1.00174558 -0.99974221 -1.00079763 -0.998187959  
-0.999525547 -1.00044656 -1.00033975 -1.00035894 -1.00159729  
-0.999290884 -1.00147009 -1.00055897 -1.00081301 -1.00093174  
-0.999529541 -0.999320924 -0.999244153 -0.999062777 -0.999639452  
-0.998530567 -1.00250852 -1.0008626 -1.00076258 -1.00085711  
-0.998180211 -1.00172138 -1.00037611 -1.00006151 -0.99842602  
-1.0041014 -0.999373317 -1.00239563 -1.00066519 -1.00599515  
-0.99948597 -1.00230801 -0.999174535 -1.00014997 -0.997525752  
-1.00063133 -1.00221777 -1.00107062 -1.00074589 -1.00083804  
-1.00284326 -0.999909222 -1.00106406 -1.00002444 -1.00393653  
-0.996980965 -1.00299716 -1.00027871 -1.00025535 -0.998351097  
-1.00165176 -1.00160277 -1.00087047 -1.00047839 -1.00112391  
-1.0009706 -1.00252652 -1.00225973 -1.0022887 -1.00383031  
-1.002226 -1.00296223 -1.00240397 -1.00220478 -1.00132501  
-0.998778045 -1.00018394 -0.998863876 -0.998864532 -0.998571277  
-1.00188243 -1.00102758 -1.00066233 -1.00028205 -1.0023514  
-0.999495745 -1.00098741 -1.00022221 -0.999958754 -1.00100672  
-0.999954522 -1.00212872 -0.999016225 -0.999736547 -0.997600496  
-1.00141096 -0.999885976 -1.00037622 -0.999378383 -1.00272691  
-0.998874724 -1.00357461 -1.00161242 -1.0014087 -1.00010622  
-0.999731719 -1.00043321 -0.999097228 -0.999342442 -1.00001204  
-1.00132465 -1.0028348 -1.00175893 -1.00196958 -1.00220633  
-0.999839902 -1.00135112 -0.999648213 -0.999754906 -0.999770224  
-1.00070059 -0.999505579 -0.999842227 -0.999231696 -1.00177801  
-1.00431561 -1.00549889 -1.0029242 -1.00408113 -1.00294936  
-0.999189079 -1.00045538 -0.999408424 -0.99927628 -0.999197483  
-1.00143957 -1.00284863 -1.00079429 -1.001706 -1.00078368  
-1.00089645 -1.00173366 -1.00100398 -1.00012791 -1.00116098  
-1.00481641 -1.00350738 -1.00320292 -1.00302923 -1.00289059  
-1.00091779 -0.999617398 -1.00020909 -0.99918139 -1.00266182  
-1.00051689 -1.00226176 -0.9998402 -1.0009594 -0.99819231  
-0.998022497 -1.0008713 -0.99811846 -0.998745561 -0.997764349  
-0.993948281 -1.00274622 -1.00004673 -1.00039923 -0.998477876  
-1.0017271 -1.0004468 -1.00081468 -1.00035632 -1.00262845  
-0.99961406 -0.99994278 -0.999127746 -0.998905063 -1.00007772  
-1.00011718 -0.999593794 -0.999433279 -0.99884367 -1.00093961  
-1.0007987 -1.00173271 -0.999736547 -1.00076962 -0.998599827  
-0.999590576 -1.00167549 -0.999532759 -0.99971664 -0.999105334  
-0.999024332 -1.00296271 -1.00191069 -1.0014503 -1.0015974  
-1.00064182 -1.0027771 -1.00102544 -1.00103438 -0.999744952  
-1.00581264 -1.00109911 -1.00085211 -1.00079691 -1.0028621  
-0.9990955 -1.00241518 -1.0011971 -1.00080335 -1.0005101  
-0.994101644 -1.00185776 -1.0006144 -1.00081062 -0.999728382  
-1.00337446 -1.00415373 -1.00281107 -1.00269341 -1.0006994  
-0.999906123 -1.00172722 -1.00015426 -0.999648213 -0.999501526  
-0.995867908 -1.00300431 -1.00012445 -1.00032759 -0.99845171  
-0.999844015 -1.00144839 -1.00004125 -1.00021398 -0.99997282  
-0.999540508 -1.00014138 -1.00004482 -0.999278784 -1.00070047  
-1.00013185 -1.0005573 -1.00079584 -1.00010586 -1.0008775  
-0.999646962 -1.00043678 -0.999803603 -0.999476969 -1.00029814  
-0.992600322 -1.00141943 -1.00007915 -1.00027382 -0.998365819  
-1.00090063 -1.00398648 -1.00036693 -1.00161564 -0.999632239  
-1.00227487 -1.00280011 -1.00185311 -1.00245607 -1.00198364  
-1.00153005 -0.999180079 -1.00208068 -1.00108743 -1.00425494  
-1.00073802 -0.999526143 -0.999338329 -0.998897552 -1.00089586  
-1.00428224 -1.00392628 -1.00341606 -1.00355804 -1.00383794  
-1.00253844 -1.00252295 -1.00020838 -1.00067151 -1.00064909  
-1.00038111 -1.00244462 -1.00133634 -1.00191605 -1.00037789  
-1.00090706 -1.00155663 -1.00023127 -0.999683976 -1.00078368  
-0.998442233 -1.00221992 -0.998895764 -0.99998939 -0.996356785  
-0.995953798 -1.00267756 -1.00101733 -1.00084555 -1.00007534  
-0.998692513 -1.00032675 -0.999571919 -0.998988867 -0.999197543  
-1.0036236 -1.00082302 -0.999773979 -0.99993974 -0.999778807  
-1.00583315 -1.00150168 -1.00380063 -1.00297248 -1.00671613  
-0.999492168 -1.00356436 -0.999451339 -1.00063622 -0.997687817  
-0.9997558 -0.998368919 -0.999089658 -0.998208642 -1.00187039  
-1.00173831 -1.00455296 -1.00123549 -1.00248885 -1.00065053  
-1.00013757 -1.00025427 -0.99947387 -0.999260008 -1.00072443  
-0.999306381 -1.00302708 -1.00151396 -1.00123763 -1.00100541  
-1.00096452 -1.00068665 -1.00065374 -1.00072742 -1.0021975  
-1.00212598 -1.00320613 -1.00077105 -1.00088537 -0.999657154  
-1.00155222 -1.00134027 -1.00052595 -1.00000691 -1.00069797  
-0.999205887 -1.00082886 -0.998790443 -0.998930573 -0.999156713  
-1.002056 -1.00033844 -1.00128484 -0.999992728 -1.00400364  
-1.00104785 -1.00107861 -1.00168943 -1.00125003 -1.00352359  
-0.998013318 -1.00295758 -1.0016284 -1.00143921 -1.00169325  
-1.00097299 -1.00166047 -0.999448717 -0.999850452 -0.999302208  
-1.00154424 -1.00234818 -1.00050557 -1.00075805 -1.00082123  
-1.00545919 -1.00211895 -1.00343108 -1.00223553 -1.00568891  
-1.00035596 -1.00218391 -1.00009704 -1.00091648 -0.999508202  
-1.00092685 -1.00287592 -1.00037098 -1.00138283 -0.999632061  
-1.00157738 -1.00228143 -1.000278 -1.00079143 -1.00054157  
-0.997614622 -0.999213696 -0.997653484 -0.997495413 -0.99831754  
-0.99848038 -0.998792827 -1.00130296 -1.0006218 -1.00273871  
-1.00116563 -1.00249112 -1.00010753 -1.00085676 -0.999994099  
-1.00153899 -1.00061095 -1.00168407 -1.00104058 -1.00343156  
-0.995120168 -1.00225866 -0.997871697 -0.999276161 -0.995710015  
-1.00207412 -1.00190544 -1.00063348 -1.0002259 -1.00052691  
-0.999573588 -0.999034345 -0.999302149 -0.998813391 -1.002056  
-0.998122633 -1.00153184 -0.998310149 -0.998642504 -0.995508492  
-1.00117016 -1.00078201 -1.00112009 -1.00074542 -1.00239694  
-1.00194347 -1.00376904 -1.0009644 -1.0019542 -1.00072575  
-1.00186217 -1.00137985 -1.00224411 -1.00159073 -1.00267315  
-0.998994112 -1.00222206 -0.998983502 -0.99993366 -0.997796297  
-0.997336447 -1.00177836 -0.998546541 -0.999215662 -0.996966958  
-0.999819398 -1.00271249 -0.99981612 -1.00090158 -0.997819662  
-0.473325074 -0.997823834 -0.998600543 -0.993566632 -0.993862689  
0.170293257 -0.828525126 -0.892794847 -0.817226648 -0.900730491  
-1.00425875 -1.00510252 -1.00239825 -1.00323761 -1.0022217  
-1.00260425 -1.00251245 -1.00068653 -1.00059986 -0.999948263  
-0.99815017 -1.00296223 -0.999163151 -1.00022697 -0.994607389  
-1.00335276 -1.00034225 -1.00204158 -1.00158286 -1.00459146  
-0.99970299 -1.00322819 -1.00058603 -1.00199711 -0.999625921  
-1.00046837 -1.00063705 -0.999488354 -0.999349117 -1.00059652  
-1.00106597 -1.00277305 -1.00181723 -1.00144708 -1.00167048  
-0.998456001 -1.00375819 -0.999725044 -1.00097167 -0.994682252  
-1.00021172 -1.00226772 -0.999908745 -0.999879539 -0.999248326  
-0.702171147 -1.00233626 -1.0056324 -1.00762475 -1.01123214  
-1.00075114 -1.00230134 -0.999720156 -0.999675095 -0.99786061  
-0.999659896 -1.0028373 -1.00024009 -1.00070488 -0.998806298  
-1.00096118 -1.00280344 -1.0017252 -1.00149524 -1.0004704  
-0.998580039 -1.00269532 -0.999032736 -1.00033092 -0.995838642  
-0.997749209 -0.999961376 -0.999319494 -0.998718739 -0.999720335  
-1.0006386 -1.00402415 -1.00074077 -1.00210726 -0.996921599  
-0.99928993 -0.999945223 -1.00009918 -0.999314368 -1.00110173  
-1.00088549 -1.00009429 -0.999512017 -0.999326587 -1.00053835  
-0.999659598 -1.00287986 -0.999842942 -1.00062335 -0.998297632  
-1.00282335 -0.997914255 -0.997844219 -0.997717381 -0.999754012  
-0.999628603 -1.00314856 -0.999260545 -1.00033641 -0.996866703  
-1.00222981 -1.0038147 -1.00120294 -1.00198507 -0.999701083  
-0.01702483 -0.929387629 -0.946573913 -0.927059948 -0.948959291  
-1.00190055 -1.00333059 -1.00058937 -1.00132239 -0.998975039  
-0.996314108 -0.999031782 -0.998556852 -0.997882247 -0.999395192  
-0.998606622 -1.00137579 -0.998465657 -0.999043047 -0.997267962  
-1.00707161 -1.00339448 -1.00282812 -1.00259483 -1.0038749  
-1.00004756 -0.999132752 -0.999041796 -0.998359442 -1.00081348  
-1.00142133 -0.999734819 -1.00042403 -0.999640226 -1.00235367  
-1.00215662 -1.00033212 -1.00158739 -1.00079465 -1.00315762  
-0.997599363 -1.00309229 -1.00065517 -1.00050485 -0.998233199  
-1.00080919 -1.0029031 -1.0011332 -1.00084603 -1.00042915  
-1.00308979 -1.00397372 -1.00163686 -1.00177884 -1.00009608  
-1.00205159 -1.00242448 -1.00107861 -1.000507 -0.99892503  
-1.00099432 -1.00080001 -0.999567449 -0.99965477 -1.00077045  
-1.0055697 -1.00291193 -1.00244069 -1.00195599 -1.00306034  
-1.00206816 -1.00334334 -1.00134885 -1.00125194 -0.998470485  
-1.00006783 -1.00204968 -0.999471009 -1.00032866 -0.999315917  
-1.00340509 -1.00142884 -1.00197327 -1.0010792 -1.00412357  
-1.00214839 -1.00211072 -1.00154245 -1.00171518 -1.00296354  
-0.999099553 -1.00073743 -0.998442531 -0.998941541 -0.998240829  
-0.999013543 -1.0013063 -0.998925924 -0.999253809 -0.998835504  
-1.00202775 -1.00283122 -1.00133824 -1.0006038 -1.00035059  
-1.00705349 -1.00392282 -1.00281131 -1.00305665 -1.00429749  
-1.00188041 -1.00355518 -1.00213289 -1.00184095 -0.999866962  
-1.00058961 -1.0010643 -1.00104809 -1.00041008 -1.00130129  
-1.00007963 -1.00115728 -0.999688685 -0.99980998 -0.999391198  
-0.999884903 -1.00077128 -0.999520481 -0.999065399 -0.9999488  
-1.00078571 -1.00209129 -1.00050378 -1.00056541 -1.00038135  
-1.0025624 -1.00409949 -1.00154281 -1.00259852 -1.00128698  
-1.0002346 -1.00244188 -1.00050259 -1.00183654 -0.999188602  
-1.0004338 -1.00217938 -1.00168002 -1.00198007 -1.00325298  
-0.379927456 -0.995417476 -0.995303392 -0.995448947 -0.996076107  
-1.00055873 -1.00194609 -0.999869645 -0.999892533 -0.999295354  
-1.00159287 -1.00204253 -1.00123072 -1.00094795 -1.00168824  
-0.997361124 -1.00228202 -1.00092983 -1.00103354 -1.00066495  
-1.00444686 -1.00587952 -1.00308669 -1.00422752 -1.00298452  
-1.0021714 -1.0014317 -1.00137758 -1.0008446 -1.00244105  
-0.999363244 -1.00080478 -0.999275625 -0.999537885 -0.99906981  
-1.00056791 -1.00226212 -1.00012803 -0.999956131 -0.99988389  
-1.00224304 -1.00167179 -1.00133181 -1.00043905 -1.00286031  
-1.0018481 -1.00175846 -1.00132966 -1.00073242 -1.00176871  
-0.998984873 -1.00071096 -1.00059676 -0.99997437 -1.00139809  
-1.00229657 -1.00076568 -1.00139904 -1.00061262 -1.00324118  
-1.00066495 -1.00227916 -1.00046945 -0.999804378 -1.00061631  
-0.998588681 -1.00198877 -0.999302208 -0.999580503 -0.997364104  
-1.00566864 -1.00392592 -1.00221777 -1.00233388 -1.00205302  
-1.00435972 -1.00438499 -1.00191069 -1.00262463 -1.00227785  
-1.0000304 -1.00219822 -0.99948138 -0.999767661 -0.997230053  
-1.0006516 -0.998832822 -0.998766363 -0.998118997 -1.00084424  
-1.0002923 -1.00195479 -0.99954164 -1.00035906 -0.999221921  
-0.998216152 -1.0020982 -0.999765933 -0.999545872 -0.999222517  
-0.99574703 -1.00192487 -1.00017703 -0.999909937 -0.999263048  
-0.9965747 -1.00222397 -0.999846041 -0.999639034 -0.998312354  
-0.997803628 -1.00310659 -0.999606073 -1.00095189 -0.998108745  
-1.00070977 -1.0014931 -1.00106025 -1.00077808 -1.00210071  
-0.998531282 -0.999156892 -0.998536885 -0.998232126 -1.00037181  
-0.99934262 -1.00031185 -0.998560727 -0.998785734 -0.999038219  
-1.00516415 -1.00438535 -1.00248647 -1.00307477 -1.00267708  
-0.998888075 -0.999092996 -0.998942912 -0.997896254 -1.00029755  
-1.00012934 -1.00321317 -1.0000658 -1.00131392 -0.997745097  
-1.00216365 -0.999915481 -1.00051403 -0.999915063 -1.00249004  
-0.999191999 -1.00035274 -0.999908268 -0.999139845 -1.00028968  
-1.00234044 -1.00380242 -1.00090885 -1.00154078 -1.00012481  
-1.00025892 -1.00114083 -1.00062847 -1.00020468 -1.00078404  
-0.996962249 -1.0037241 -0.999084711 -1.00109625 -0.996431351  
-1.0001905 -1.0034802 -1.00185227 -1.00171018 -1.00055027  
-0.998870909 -1.0011363 -0.999096155 -0.999170542 -0.998745263  
-1.00074482 -1.00346243 -1.00082111 -1.00179029 -0.998739004  
-0.999677598 -1.00161111 -1.00000787 -1.00013316 -1.00004184  
-1.00138474 -1.00203586 -1.00035787 -1.0007844 -1.00095522  
-1.00061822 -1.00106585 -1.00105906 -1.00048733 -1.00247216  
-0.998312831 -1.00199187 -0.99828577 -0.999289811 -0.995975196  
-1.00108254 -1.00324464 -1.00042903 -1.00134468 -0.99917382  
-0.999925196 -1.00274646 -1.0002687 -1.00059855 -0.999385595  
-1.0015738 -1.00327611 -1.00150275 -1.00253594 -1.00196755  
-0.99314487 -1.00275254 -1.00026202 -1.00065422 -0.99771601  
-1.00067985 -1.00086761 -1.00025105 -1.00019085 -1.00117373  
-1.00130701 -1.00331247 -1.00164986 -1.00173283 -0.999691367  
0.141490147 -0.831804752 -0.891126692 -0.812828541 -0.890818596  
-1.00132 -1.00308299 -1.00030136 -1.00132763 -0.998496652  
-1.00834525 -1.01094306 -1.00915885 -1.01161861 -1.00728643  
-0.998606145 -1.00226462 -0.999417007 -1.00070179 -0.997379124  
-1.00175476 -1.00246537 -1.00094628 -1.00090063 -1.00124562  
-1.00024498 -1.0031904 -1.0002656 -1.00159919 -0.999283195  
-1.00217271 -1.00298357 -1.00015366 -1.00085545 -0.998654068  
-0.999882758 -1.00160623 -0.999272823 -0.999320269 -0.997620225  
-0.998680532 -1.00270462 -0.999163926 -1.00025117 -0.997790515  
-1.00111842 -1.00287342 -1.00157833 -1.00242686 -1.00266707  
-0.999862015 -1.00363672 -1.00034142 -1.00093842 -0.996320486  
-1.00066566 -1.00375557 -1.00092757 -1.00192595 -0.999039114  
-0.996912897 -1.00182164 -0.998446643 -0.999029338 -0.996594906  
-1.00136483 -1.00082934 -1.00168681 -1.00101078 -1.00335145  
-0.998827875 -0.998987734 -0.999033391 -0.998253822 -1.00108242  
-1.00602949 -1.00476122 -1.00288868 -1.00348794 -1.00376284  
-1.00155175 -1.00343919 -1.00079048 -1.00176883 -0.998661935  
-0.995899141 -1.00282609 -1.00022173 -1.00025153 -0.998469472  
-1.00183046 -1.00079358 -1.00136518 -1.00085676 -1.00328267  
-1.00245082 -1.00218904 -1.00171328 -1.00065863 -1.00293529  
-1.00342131 -1.00224268 -1.00319648 -1.00271559 -1.00328171  
-0.999020278 -1.00267231 -0.999763906 -1.0004549 -0.997643054  
-0.995711565 -1.00211632 -0.999087453 -1.00001156 -0.996924996  
-0.99805361 -0.998739541 -0.99800092 -0.99773258 -0.999620318  
-0.997371495 -1.00275552 -1.00053859 -1.00040662 -0.999277115  
-1.00215089 -1.00265074 -1.00154686 -1.00117493 -1.00041258  
-1.00092244 -1.00044298 -1.0004636 -0.999816298 -1.00125265  
-0.994891346 -1.00202394 -1.0006659 -1.00060892 -0.99925226  
-1.00157237 -1.003721 -1.00172126 -1.00174284 -0.999983847  
-0.998646915 -1.00265086 -1.00071931 -1.00107777 -0.999299824  
-1.00144291 -1.0018394 -0.999834895 -1.00029194 -0.999135077  
-0.998325944 -1.00167525 -0.998888433 -0.99924016 -0.997849464  
-1.00200355 -1.00178242 -1.00117493 -1.00046587 -1.00051701  
-1.00060439 -1.00194693 -1.00123405 -1.00117457 -1.00227547  
-0.999487042 -1.00241005 -1.00022864 -1.00033903 -0.999135137  
-1.00068879 -1.00108922 -0.999221206 -0.999703765 -0.999050081  
-0.997377098 -1.00226974 -1.00061846 -1.00069046 -0.998858511  
-0.99742502 -1.00136542 -0.998478055 -0.998845458 -0.997640193  
-1.00131941 -1.00234997 -1.00075591 -0.999967217 -1.00115776  
-1.00280917 -1.00304604 -1.0016458 -1.00202346 -1.00209785  
-1.00046635 -1.00303352 -1.00032949 -1.00134861 -0.998741984  
-1.00163615 -1.00236881 -1.00111699 -1.00061738 -0.999961078  
-1.00258934 -1.00362062 -1.00172305 -1.00211835 -1.00119185  
-0.999078929 -1.0023824 -0.99929601 -1.00038981 -0.997278452  
-0.997787416 -1.00243723 -0.998606622 -0.999931276 -0.996102512  
-0.999272168 -1.00299752 -0.999899447 -1.00122297 -0.997127771  
-0.996996701 -1.00351834 -0.99896735 -1.00089383 -0.996869743  
-1.0004096 -1.00277352 -0.999842107 -1.00107086 -0.998062253  
-0.997395456 -1.00203001 -0.998124599 -0.998974383 -0.995009184  
-1.00521863 -1.00436246 -1.00252247 -1.00295246 -1.00148273  
-0.997238278 -1.00301039 -0.999047637 -1.00049281 -0.996693611  
-0.999763429 -1.00115681 -0.998975575 -0.999516308 -0.999103606  
-0.997440517 -1.00224733 -0.998797655 -0.99990797 -0.99742043  
-0.999139011 -0.999204934 -0.999671459 -0.998772562 -1.00143111  
-0.99360925 -1.00286245 -1.00087619 -1.00100791 -0.999428511  
-0.999757886 -1.00233269 -0.999725521 -1.0005964 -0.998696744  
-0.998710871 -1.00074589 -1.00053906 -1.00046206 -1.00094545  
-1.00027525 -1.00199151 -1.00111544 -1.00069547 -1.00035965  
-0.998423159 -1.00245976 -1.00145507 -1.00114214 -1.0009228  
-1.00537777 -1.00487423 -1.00278819 -1.00288177 -1.00120258  
-1.00167358 -1.00240314 -1.00007308 -1.0002346 -0.998661458  
-0.996269763 -1.00326717 -1.00099111 -1.00128579 -0.99919945  
-1.0036025 -1.00302994 -1.00292611 -1.0031327 -1.00412405  
-0.999852121 -1.00416708 -1.00103259 -1.00258434 -1.00042903  
-0.990810692 -1.00261664 -0.999323547 -0.999588728 -0.996783316  
-1.00043392 -1.00024486 -1.00076079 -1.0001539 -1.00253439  
-1.00167549 -1.0000205 -1.00076938 -0.9999668 -1.00366831  
-1.00060093 -1.00270605 -1.0004431 -1.00077116 -0.999405801  
-0.999499857 -1.00202 -1.00147557 -1.00121427 -1.00251901  
-0.999934733 -1.00229037 -1.00167704 -1.00113606 -1.00116503  
-0.998504996 -1.0004617 -0.998677135 -0.998680711 -0.998807788  
-0.726647317 -1.00128222 -0.998438776 -1.00118482 -0.998565257  
-1.00010943 -1.00138795 -0.999845624 -0.999653459 -0.999148905  
-0.999306321 -1.00170183 -0.998976052 -0.999946713 -0.997923791  
-0.996297657 -1.00028312 -0.999706388 -0.999553144 -0.999076903  
-1.00182831 -1.00276184 -1.00184774 -1.00172353 -1.00115347  
-0.996613204 -1.00328732 -1.00274134 -1.00288188 -1.00308776  
-1.00005054 -0.999587357 -0.99874723 -0.998626471 -1.00048327  
-1.00031352 -1.0009172 -0.999379992 -0.999383569 -0.998569906  
-1.00062966 -1.00119925 -0.999567211 -0.999878526 -0.999848783  
-0.998421133 -1.00166714 -0.99915266 -0.999215484 -0.99712956  
-0.99878186 -1.00330842 -1.00026417 -1.00104201 -0.996682525  
-0.999865353 -1.00173724 -1.00116563 -1.00143552 -1.00244844  
-1.00377882 -1.00243998 -1.00367761 -1.00310111 -1.00368905  
-0.99858731 -1.00238717 -0.999074519 -0.999894083 -0.997148097  
-1.00092781 -1.00390124 -1.00019622 -1.00095618 -0.998144805  
-0.998479784 -1.00359178 -1.00056446 -1.00163054 -0.999424875  
-1.00190735 -1.00230277 -1.00128722 -1.00145578 -1.00218022  
-1.00495183 -1.00407088 -1.00225091 -1.00295985 -1.00270081  
-1.00237894 -1.00393677 -1.00170636 -1.00224507 -1.0008297  
-0.997400582 -1.0030787 -1.00311923 -1.00291228 -1.00295186  
-0.997776806 -1.00017428 -0.999761641 -0.999293089 -0.999225736  
-1.00358438 -1.0024029 -1.00382996 -1.00336063 -1.00358009  
-0.999344766 -1.00269222 -1.00093019 -1.00064027 -0.999316514  
-1.00503838 -1.00417185 -1.00226116 -1.00261199 -1.00164306  
-0.994145513 -1.00269735 -0.999744117 -1.00014269 -0.996326447  
-0.999300659 -0.999489486 -0.998362303 -0.99828577 -0.999430656  
-0.995201528 -1.00277388 -0.997646153 -0.999348521 -0.994680643  
-0.999312282 -1.00293529 -0.999960899 -1.00071537 -0.997576356  
-1.00177586 -1.00381756 -1.00247097 -1.00208795 -1.00136971  
-1.00263035 -1.00366688 -1.00329018 -1.00353539 -1.00463951  
-0.999543786 -1.00113559 -0.999496996 -0.999257088 -0.999582529  
-0.99914521 -0.99900341 -0.998554528 -0.998013079 -1.00052369  
-1.00075758 -1.00361896 -1.00092542 -1.00231349 -1.00030291  
-0.997717857 -1.00319791 -1.00128078 -1.00146127 -0.999080181  
-1.00206566 -1.000319 -1.00102639 -1.00018775 -1.00355279  
-1.00031579 -1.00174892 -0.999707997 -1.00035453 -1.00012076  
-0.992111385 -1.00289643 -0.999942899 -1.00031173 -0.99766022  
-1.00058055 -0.999070525 -0.999921381 -0.9992401 -1.00273049  
-1.00094867 -1.00318539 -1.00162935 -1.0013001 -1.00028431  
-1.00525391 -1.00132155 -1.00301719 -1.0019232 -1.00612891  
-1.00103211 -1.0027411 -1.00017607 -1.00118411 -0.998785019  
-1.00076866 -1.00052941 -1.00011659 -1.00003731 -1.00150132  
-0.999941528 -1.00230694 -1.00095177 -1.00056624 -1.00141835  
-0.999180317 -1.00203383 -0.999368846 -0.999721766 -0.998773098  
-1.00489199 -1.00427485 -1.00252223 -1.00312924 -1.00291336  
-1.00001597 -1.00411344 -1.00184262 -1.00194478 -0.998673916  
-0.999021709 -1.00185812 -0.999769092 -1.00012374 -0.999755442  
-0.999180079 -1.00355005 -1.00235963 -1.00216019 -1.00257266  
-1.00137424 -1.00328922 -1.00155354 -1.00142157 -1.00014663  
-0.998262465 -0.999032795 -0.997998476 -0.997617126 -0.998467386  
-0.998509705 -1.00316799 -0.99924171 -1.00038207 -0.9953053  
-1.0014267 -1.00012386 -1.0009464 -1.00019503 -1.00297618  
-1.00052977 -1.0032835 -0.999870479 -1.00072837 -0.997250974  
-0.99692291 -1.00268173 -0.998344541 -0.999557137 -0.995977342  
-0.997517228 -1.00243485 -0.99897778 -0.999991775 -0.997169912  
-1.00027311 -1.00019944 -0.999901116 -0.99943161 -1.00124478  
-1.00089121 -1.00338006 -1.00041163 -1.00055468 -0.998136342  
-1.0000875 -1.0019213 -1.000278 -1.00054693 -1.00060177  
-0.996714056 -1.00213528 -0.99867779 -0.999704063 -0.99719131  
-1.00018442 -1.00277829 -0.999798298 -1.00089335 -0.998000801  
-1.00188088 -1.00208831 -1.00092316 -1.00073791 -1.00075984  
-0.998290002 -1.00251698 -0.998994648 -1.00003231 -0.996037245  
0.257124782 -0.794671655 -0.813612282 -0.782412767 -0.809750378  
-1.00044262 -1.00056291 -1.00039363 -1.00057101 -1.00211322  
-1.00054419 -1.00210023 -1.00232625 -1.00200951 -1.00378323  
-0.999885321 -1.00353658 -1.0002687 -1.00157607 -0.997084498  
-0.999618351 -1.00013328 -0.999309123 -0.998673201 -1.00118101  
-1.00146568 -0.999976397 -1.0006671 -0.999633312 -1.00291491  
-0.999784768 -0.999574065 -0.999750912 -0.999026537 -1.00067663  
-1.00114775 -1.00124896 -1.00147963 -1.00122726 -1.00287271  
-1.00300324 -0.999807239 -0.998880267 -0.998999178 -0.999915898  
-1.00351298 -1.00264895 -1.00138974 -1.0012275 -1.0006361  
-0.998646796 -1.00244641 -0.99916172 -0.999778867 -0.996865034  
-0.9985587 -0.999030828 -0.997940421 -0.997736573 -0.999274433  
-1.00540173 -1.00022793 -1.00009036 -0.999843299 -1.00141025  
-0.999275982 -1.00117481 -1.00042427 -1.00021613 -0.999524295  
-1.0008558 -1.00213206 -1.00039816 -1.00010717 -1.00001681  
-0.999833763 -1.00299835 -1.00135112 -1.00103116 -1.00053108  
-1.0017643 -1.00468147 -1.0023452 -1.00413346 -1.00214684  
-1.0003109 -1.00129247 -0.999980748 -1.00038624 -1.00024498  
-0.999810517 -1.00218475 -1.00007987 -1.00053871 -0.999275923  
-0.997915804 -1.00239062 -0.999241829 -0.999563634 -0.996458113  
-0.996942818 -1.0028404 -1.00068521 -1.00045884 -0.999196231  
-1.00070238 -1.00009131 -0.999600768 -0.999350965 -1.00095129  
-1.00131774 -1.00073862 -1.00063133 -1.00030851 -1.00221932  
-0.999097824 -1.00085151 -0.999349296 -0.999343276 -0.999290645  
-0.999348283 -1.00223625 -0.99988538 -1.00091672 -0.998400867  
-1.00074291 -1.00253522 -1.00083947 -1.00161064 -1.00139582  
-0.999270856 -1.00062895 -1.00011539 -0.999312639 -0.99996841  
-1.001001 -1.00323915 -1.00182986 -1.00202322 -0.999259651  
-0.995227933 -1.00242949 -1.00218678 -1.00231838 -1.00144732  
-0.998156011 -1.00221658 -0.999561012 -1.0001936 -0.997928858  
-1.00029039 -1.0022943 -1.00106263 -1.00055659 -1.00085819  
-0.999628246 -1.00249922 -0.999546349 -1.00011885 -0.998187304  
-0.999984443 -1.00066841 -0.999039292 -0.998968482 -1.00017214  
-1.00186479 -1.00328112 -1.00235724 -1.00177801 -1.00191367  
-1.00081146 -1.00200295 -1.0007441 -1.00036573 -1.00080907  
-0.996928036 -1.00185061 -0.998486519 -0.999145508 -0.996751189  
-1.00160193 -1.00204563 -1.00092125 -1.00099337 -1.00164545  
-1.00052333 -1.0007453 -1.0002799 -1.00044012 -1.00167918  
-0.998448253 -1.00128174 -0.999441087 -0.999753714 -0.998182774  
-1.00150812 -1.00011623 -1.00068188 -0.9999336 -1.00311625  
-0.997479141 -1.00163126 -0.999607563 -0.999180555 -0.998342991  
-0.995840609 -1.00218451 -0.998302221 -0.999448717 -0.996903181  
-0.998716652 -1.00197637 -0.999562025 -1.00020385 -0.998126984  
-1.00152659 -1.00306213 -1.00200319 -1.00172579 -0.999884307  
-0.999960721 -1.00116217 -0.999052525 -0.999083221 -0.997670352  
-0.999561012 -1.00271356 -0.999937415 -1.00115049 -0.997628868  
-0.999346375 -0.999339938 -0.999367237 -0.9984622 -1.00092876  
-0.999200284 -0.999833941 -0.999725699 -0.998858094 -1.00008416  
-1.00289845 -1.00270891 -1.00081873 -1.00166547 -0.999481559  
-1.00165451 -1.00358105 -1.00193334 -1.00186038 -1.00010014  
-0.999798834 -0.999516845 -1.00194728 -1.00116098 -1.00426805  
-0.997766435 -1.002141 -0.999963462 -1.00037134 -0.998497248  
-1.00166321 -1.0017575 -1.00140738 -1.00090313 -1.00170565  
-1.0007925 -1.00239062 -1.00018084 -1.00054574 -0.999308348  
-0.998890698 -1.00311041 -0.999422908 -1.00076056 -0.99840486  
-0.99698931 -1.00253296 -0.99946022 -1.0001514 -0.997278631  
-1.00055563 -1.00163484 -1.00029349 -0.999858618 -1.00028265  
-1.00183856 -1.00258577 -1.00170863 -1.00151694 -1.00124562  
-1.00008857 -1.00135934 -0.99984026 -0.999481797 -0.999768078  
-1.0026505 -1.00141466 -1.00233269 -1.00207436 -1.00495279  
-0.999421656 -0.999869883 -0.998550177 -0.998386562 -0.999785483  
-0.997605026 -1.00306761 -1.0008111 -1.00093186 -0.99830699  
-0.999550998 -1.00273669 -0.999588311 -1.00048232 -0.997606754  
-1.0019747 -1.00366342 -1.00151658 -1.00190091 -1.00026214  
-0.999171436 -0.999930918 -0.998976052 -0.999016523 -1.00025904  
-0.998994887 -1.0015763 -0.999952495 -1.00002098 -0.999303877  
-0.999762237 -1.00186968 -1.00031006 -0.999903858 -0.999469578  
-0.998470664 -1.00229049 -1.00032568 -1.00021017 -0.999282241  
-0.998796761 -1.00251698 -0.999446213 -1.00065148 -0.996494055  
-0.996993005 -1.00372398 -1.00171208 -1.00197411 -1.00002873  
-0.999539912 -1.00394166 -1.00071979 -1.001266 -0.998134196  
-1.0007565 -1.00195098 -1.00082123 -1.00068939 -1.00031662  
-1.00028312 -1.00032759 -0.99995786 -0.999410987 -1.00117898  
-0.999928534 -1.00090003 -1.00002146 -0.999885917 -1.00052416  
-0.998277545 -1.00332272 -1.00031304 -1.00122356 -0.999350905  
-1.00157928 -1.00414073 -1.00068235 -1.00178003 -1.00007689  
-1.00155175 -1.00120378 -1.00161624 -1.00114238 -1.00290644  
-0.999101281 -1.00206339 -1.00015259 -1.00020337 -0.999597728  
-1.00226545 -1.00394499 -1.00113225 -1.00172782 -0.999250472  
-0.996831238 -1.00181115 -0.998495042 -0.999178052 -0.9967134  
-0.995101511 -1.00235653 -1.0011524 -1.00124812 -1.00076783  
-1.00245285 -1.00317907 -1.00076318 -1.00117636 -1.00006926  
-1.00190747 -1.00347018 -1.002707 -1.00315952 -1.00389433  
-0.999657214 -1.00020039 -0.999797761 -0.999649465 -1.00071681  
-1.00054204 -1.00289297 -1.00124431 -1.00085032 -1.00024164  
-0.998708069 -1.00370955 -1.00076818 -1.00155997 -0.997733355  
-1.00129652 -1.00106823 -1.00166488 -1.00095689 -1.00294042  
-0.997841179 -0.999773085 -0.998416245 -0.998157084 -0.998490274  
-1.00117564 -1.00139177 -1.00044131 -0.999981523 -1.00144386  
-1.00162756 -1.00293159 -1.0022285 -1.00236475 -1.00300741  
-1.00012791 -1.0025475 -1.00016904 -1.0014174 -0.998671591  
-1.00144601 -1.00310504 -1.0016489 -1.00135446 -1.00074422